acquire 1574
    0382 1574 1578 2510 2589
    2659 2694 2724 2822 2954
    3002 3017 3066 3079 3160
    3194 3375 3394 3666 4108
    4128 4609 4665 4770 4833
    4924 4936 4955 5130 5157
    5176 5231 5558 5591 5662
    5675 6180 6204 6218 7113
    7134 7155 8310 8481 8528
    8564
acquiresleep 4922
    0391 4777 4792 4922 5611
    5660
allocproc 2505
    2505 2566 2632
allocuvm 1927
    0436 1927 1941 1947 2610
    6951 6965
alltraps 3554
    3509 3517 3530 3535 3553
    3554
ALT 8010
    8010 8038 8040
argfd 6371
    6371 6423 6438 6457 6468
    6481
argint 3852
    0410 3852 3866 3882 4015
    4026 4061 4078 4106 6376
    6438 6457 6708 6775 6776
    6832
argptr 3861
    0411 3861 6438 6457 6481
    6857
argstr 3879
    0412 3879 6507 6608 6708
    6757 6774 6808 6832
__attribute__ 1305
    0272 0367 1209 1305
BACK 8861
    8861 8974 9120 9389
backcmd 8896 9114
    8896 8909 8975 9114 9116
    9242 9355 9390
BACKSPACE 8400
    8400 8417 8459 8492 8498
balloc 5316
    5316 5336 5717 5725 5729
BBLOCK 4410
    4410 5323 5358
B_DIRTY 4162
    4162 4594 4618 4623 4660
    4678 4786 4819 5239
begin_op 5128
    0336 2689 5128 6233 6324
    6510 6611 6711 6756 6773
    6807 6921
bfree 5352
    5352 5764 5774 5777
bget 4766
    4766 4796 4806
binit 4738
    0263 1230 4738
bmap 5710
    5454 5710 5736 5820 5870
bootmain 9517
    9468 9517
BPB 4407
    4407 4410 5322 5324 5359
bread 4802
    0264 4802 5077 5078 5090
    5106 5190 5191 5285 5306
    5323 5358 5511 5535 5614
    5726 5770 5820 5870
brelse 4826
    0265 4826 4829 5081 5082
    5097 5114 5194 5195 5287
    5309 5329 5334 5365 5517
    5520 5544 5622 5732 5776
    5823 5874
BSIZE 4355
    4159 4355 4374 4401 4407
    4580 4596 4619 5058 5079
    5192 5307 5820 5821 5822
    5866 5870 5871 5872
buf 4150
    0250 0264 0265 0266 0308
    0335 2120 2123 2132 2134
    4150 4156 4157 4158 4513
    4531 4534 4574 4606 4654
    4656 4659 4726 4730 4734
    4740 4753 4765 4768 4801
    4804 4815 4826 5006 5077
    5078 5090 5091 5097 5106
    5107 5113 5114 5190 5191
    5222 5270 5283 5304 5319
    5354 5507 5532 5605 5713
    5759 5806 5856 8230 8241
    8245 8248 8468 8490 8504
    8538 8559 8566 8984 8987
    8988 8989 9003 9015 9016
    9018 9019 9020 9024
B_VALID 4161
    4161 4622 4660 4678 4807
bwrite 4815
    0266 4815 4818 5080 5113
    5193
bzero 5302
    5302 5330
C 8031 8474
    8031 8079 8104 8105 8106
    8107 8108 8110 8474 8484
    8488 8495 8506 8539
CAPSLOCK 8012
    8012 8045 8186
cgaputc 8405
    8405 8463
clearpteu 2022
    0445 2022 2028 6967
cli 0557
    0557 0559 1124 1672 8360
    8454 9412
cmd 8865
    8865 8877 8886 8887 8892
    8893 8898 8902 8906 8915
    8918 8923 8931 8937 8941
    8951 8975 8977 9052 9055
    9057 9058 9059 9060 9063
    9064 9066 9068 9069 9070
    9071 9072 9073 9074 9075
    9076 9079 9080 9082 9084
    9085 9086 9087 9088 9089
    9100 9101 9103 9105 9106
    9107 9108 9109 9110 9113
    9114 9116 9118 9119 9120
    9121 9122 9212 9213 9214
    9215 9217 9221 9224 9230
    9231 9234 9237 9239 9242
    9246 9248 9250 9253 9255
    9258 9260 9263 9264 9275
    9278 9281 9285 9300 9303
    9308 9312 9313 9316 9321
    9322 9328 9337 9338 9344
    9345 9351 9352 9361 9364
    9366 9372 9373 9378 9384
    9390 9391 9394
CMOS_PORT 7777
    7777 7791 7792 7834
cmos_read 7832
    7832 7843 7844 7845 7846
    7847 7848 7857 7864
CMOS_RETURN 7778
    7778 7837
CMOS_STATA 7820
    7820 7864
CMOS_STATB 7821
    7821 7857
cmostime 7852
    0325 7852
CMOS_UIP 7822
    7822 7864
COM1 8614
    8614 8624 8627 8628 8629
    8630 8631 8632 8635 8641
    8642 8657 8659 8667 8669
commit 5201
    5053 5175 5201
CONSOLE 4486
    4486 8578 8579
consoleinit 8574
    0269 1226 8574
consoleintr 8477
    0271 8198 8477 8675
consoleread 8521
    8521 8579
consolewrite 8559
    8559 8578
consputc 8451
    8217 8248 8318 8336 8339
    8343 8344 8451 8492 8498
    8505 8566
context 2326
    0251 0379 2303 2326 2345
    2550 2551 2552 2553 2855
    2906 2943 3128
CONV 7873
    7873 7874 7875 7876 7877
    7878 7879 7880
copyout 2118
    0444 2118 6975 6986
copyuvm 2035
    0441 2035 2046 2048 2637
cprintf 8302
    0270 1254 1941 1947 3126
    3130 3132 3168 3176 3186
    3193 3203 3207 3225 3690
    3703 3708 3966 5453 6925
    7959 8302 8363 8364 8365
    8368
cpu 2301
    0311 0363 1254 1268 1506
    1566 1590 1608 1656 1720
    2301 2312 2452 2474 2811
    3690 3703 3708 7513
cpuid 2435
    0358 1254 1726 2435 3665
    3691 3704 3711
CR0_PE 0707
    0707 1137 1170 9443
CR0_PG 0709
    0709 1054 1170
CR0_WP 0708
    0708 1054 1170
CR4_PSE 0711
    0711 1047 1163
create 6657
    6657 6677 6690 6694 6714
    6757 6777
CRTPORT 8401
    8401 8410 8411 8412 8413
    8431 8432 8433 8434
CTL 8009
    8009 8035 8039 8185
DAY 7827
    7827 7846
deallocuvm 1961
    0437 1942 1948 1961 2009
    2613
DEVSPACE 0204
    0204 1816 1829
devsw 4479
    4479 4484 5809 5811 5859
    5861 6162 8578 8579
dinode 4378
    4378 4401 5508 5512 5533
    5536 5606 5615
dirent 4415
    4415 5914 5955 6555 6604
dirlink 5952
    0288 5952 5967 5975 6530
    6689 6693 6694
dirlookup 5911
    0289 5911 5917 5921 5959
    6075 6623 6667
DIRSIZ 4413
    4413 4417 5905 5972 6028
    6029 6092 6504 6605 6661
DPL_USER 0761
    0761 1729 1730 2574 2575
    3623 3718 3728
E0ESC 8016
    8016 8170 8174 8175 8177
    8180
elfhdr 0905
    0905 6915 9519 9524
ELF_MAGIC 0902
    0902 6934 9530
ELF_PROG_LOAD 0936
    0936 6945
end_op 5153
    0337 2691 5153 6235 6329
    6512 6519 6537 6546 6613
    6647 6652 6716 6721 6727
    6736 6740 6758 6762 6778
    6782 6809 6815 6820 6924
    6959 7010
entry 1044
    0911 1040 1043 1044 3502
    3503 6999 7371 9521 9545
    9546
EOI 7666
    7666 7741 7767
ERROR 7687
    7687 7734
ESR 7669
    7669 7737 7738
exec 6910
    0275 6848 6910 6925 8768
    8829 8830 8926 8927
EXEC 8857
    8857 8922 9059 9365
execcmd 8869 9053
    8869 8910 8923 9053 9055
    9321 9327 9328 9356 9366
exit 2672
    0359 2672 2712 3655 3659
    3719 3729 4042 8717 8720
    8761 8826 8831 8916 8925
    8935 8980 9027 9034
EXTMEM 0202
    0202 0208 1813
fdalloc 6403
    6403 6425 6732 6862
fetchint 3817
    0413 3817 3854 6839
fetchstr 3831
    0414 3831 3884 6845
file 4450
    0252 0278 0279 0280 0282
    0283 0284 0351 2348 4450
    5271 6160 6165 6175 6178
    6181 6201 6202 6214 6216
    6252 6265 6302 6365 6371
    6374 6403 6420 6434 6453
    6466 6478 6705 6854 7058
    7072 8211 8609 8878 8933
    8934 9064 9072 9272
filealloc 6176
    0278 6176 6732 7078
fileclose 6214
    0279 2684 6214 6220 6471
    6734 6865 6866 7104 7106
filedup 6202
    0280 2652 6202 6206 6427
fileinit 6169
    0281 1231 6169
fileread 6265
    0282 6265 6280 6440
filestat 6252
    0283 6252 6483
filewrite 6302
    0284 6302 6334 6339 6459
fill_rtcdate 7841
    7841 7863 7866
FL_IF 0704
    0704 1674 1681 2457 2578
    2940
fork 2625
    0360 2625 4036 8760 8823
    8825 9042 9044
fork1 9038
    8900 8942 8954 8961 8976
    9023 9038
forkret 2964
    2420 2553 2964
freerange 3351
    3311 3335 3341 3351
freevm 2003
    0438 1834 2003 2008 2062
    2737 7002 7007
FSSIZE 0162
    0162 4578
gatedesc 0855
    0523 0526 0855 3611
getcallerpcs 1627
    0383 1591 1627 3128 8366
getcmd 8984
    8984 9015
gettoken 9156
    9156 9241 9245 9257 9270
    9271 9307 9311 9333
growproc 2603
    0361 2603 4081
havedisk1 4533
    4533 4563 4662
holding 1652
    0384 1577 1604 1652 2934
holdingsleep 4951
    0393 4658 4817 4828 4951
    5633
HOURS 7826
    7826 7845
ialloc 5504
    0290 5504 5522 6676 6677
IBLOCK 4404
    4404 5511 5535 5614
ICRHI 7680
    7680 7744 7802 7814
ICRLO 7670
    7670 7745 7746 7803 7805
    7815
ID 7663
    7663 7704 7759
IDE_BSY 4516
    4516 4542
IDE_CMD_RDMUL 4523
    4523 4582
IDE_CMD_READ 4521
    4521 4582
IDE_CMD_WRITE 4522
    4522 4583
IDE_CMD_WRMUL 4524
    4524 4583
IDE_DF 4518
    4518 4544
IDE_DRDY 4517
    4517 4542
IDE_ERR 4519
    4519 4544
ideinit 4551
    0306 1232 4551
ideintr 4604
    0307 3674 4604
idelock 4530
    4530 4555 4609 4612 4630
    4665 4679 4683
iderw 4654
    0308 4654 4659 4661 4663
    4808 4820
idestart 4574
    4534 4574 4577 4585 4628
    4675
idewait 4538
    4538 4557 4587 4618
idtinit 3629
    0421 1255 3629
idup 5589
    0291 2653 5589 6062
iget 5554
    5459 5518 5554 5574 5929
    6060
iinit 5443
    0292 2975 5443
ilock 5603
    0293 5603 5609 5625 6065
    6255 6274 6325 6516 6529
    6542 6617 6625 6665 6669
    6679 6724 6812 6928 8533
    8553 8568
inb 0453
    0453 4542 4562 7646 7837
    8164 8167 8411 8413 8635
    8641 8642 8657 8667 8669
    9423 9431 9554
info 3152
    0375 3152 4018 8781 9601
initlock 1562
    0385 1562 2430 3333 3625
    4555 4742 4915 5062 5447
    6171 7086 8576
initlog 5056
    0334 2976 5056 5059
initsleeplock 4913
    0394 4756 4913 5449
inituvm 1886
    0439 1886 1891 2571
inode 4462
    0253 0288 0289 0290 0291
    0293 0294 0295 0296 0297
    0299 0300 0301 0302 0303
    0440 1903 2349 4456 4462
    4480 4481 5274 5439 5449
    5459 5503 5530 5553 5556
    5562 5588 5589 5603 5631
    5658 5682 5710 5756 5788
    5803 5853 5910 5911 5952
    5956 6054 6057 6089 6100
    6505 6552 6603 6656 6660
    6706 6754 6769 6804 6916
    8521 8559
INPUT_BUF 8466
    8466 8468 8490 8502 8504
    8506 8538
insl 0462
    0462 0464 4619 9573
install_trans 5072
    5072 5121 5206
INT_DISABLED 7919
    7919 7964
ioapic 7927
    7608 7625 7626 7924 7927
    7936 7937 7943 7944 7955
IOAPIC 7908
    7908 7955
ioapicenable 7970
    0311 4556 7970 8582 8643
ioapicid 7515
    0312 7515 7626 7958 7959
ioapicinit 7951
    0313 1225 7951 7959
ioapicread 7934
    7934 7956 7957
ioapicwrite 7941
    7941 7964 7965 7975 7976
IPB 4401
    4401 4404 5512 5536 5615
iput 5658
    0294 2690 5658 5685 5960
    6083 6234 6535 6819
IRQ_COM1 3483
    3483 3684 8643
IRQ_ERROR 3485
    3485 7734
IRQ_IDE 3484
    3484 3673 3677 4556
IRQ_KBD 3482
    3482 3680 8582
IRQ_SPURIOUS 3486
    3486 3689 7714
IRQ_TIMER 3481
    3481 3664 3724 7721
isdirempty 6552
    6552 6559 6629
itrunc 5756
    5274 5667 5756
iunlock 5631
    0295 5631 5634 5684 6072
    6257 6277 6328 6525 6739
    6818 8526 8563
iunlockput 5682
    0296 5682 6067 6076 6079
    6518 6531 6534 6545 6630
    6641 6645 6651 6668 6672
    6696 6726 6735 6761 6781
    6814 6958 7009
iupdate 5530
    0297 5530 5669 5782 5879
    6524 6544 6639 6644 6683
    6687
kalloc 3388
    0316 1284 1747 1826 1892
    1939 2051 2534 3388 7080
KBDATAP 8004
    8004 8167
kbdgetc 8156
    8156 8198
kbdintr 8196
    0322 3681 8196
KBS_DIB 8003
    8003 8165
KBSTATP 8002
    8002 8164
KERNBASE 0207
    0207 0208 0210 0211 0213
    0214 1310 1634 1813 1932
    2009
KERNLINK 0208
    0208 1814 9610
KEY_DEL 8028
    8028 8069 8091 8115
KEY_DN 8022
    8022 8065 8087 8111
KEY_END 8020
    8020 8068 8090 8114
KEY_HOME 8019
    8019 8068 8090 8114
KEY_INS 8027
    8027 8069 8091 8115
KEY_LF 8023
    8023 8067 8089 8113
KEY_PGDN 8026
    8026 8066 8088 8112
KEY_PGUP 8025
    8025 8066 8088 8112
KEY_RT 8024
    8024 8067 8089 8113
KEY_UP 8021
    8021 8065 8087 8111
kfree 3364
    0317 1949 1977 1979 2013
    2016 2055 2638 2735 3356
    3364 3369 7102 7123
kill 3075
    0362 3075 3709 4063 8767
kinit1 3331
    0318 1219 3331
kinit2 3339
    0319 1234 3339
KSTACKSIZE 0151
    0151 1058 1067 1285 1874
    2538
kvmalloc 1843
    0433 1220 1843
lapiceoi 7764
    0328 3671 3675 3682 3686
    3692 7764
lapicid 7755
    0326 2460 7755 8363
lapicinit 7708
    0329 1222 1245 7708
lapicstartap 7783
    0330 1289 7783
lapicw 7701
    7701 7714 7720 7721 7722
    7725 7726 7731 7734 7737
    7738 7741 7744 7745 7751
    7767 7802 7803 7805 7814
    7815
lcr3 0590
    0590 1855 1879
lgdt 0512
    0512 0520 1135 1731 9441
lidt 0526
    0526 0534 3631
LINT0 7685
    7685 7725
LINT1 7686
    7686 7726
LIST 8860
    8860 8940 9107 9383
listcmd 8890 9101
    8890 8911 8941 9101 9103
    9246 9357 9384
loaduvm 1903
    0440 1903 1909 1912 6955
log 5038 5050
    5038 5050 5062 5064 5065
    5066 5076 5077 5078 5090
    5093 5094 5095 5106 5109
    5110 5111 5122 5130 5132
    5133 5134 5136 5138 5139
    5157 5158 5159 5160 5161
    5163 5168 5170 5176 5177
    5178 5179 5189 5190 5191
    5203 5207 5226 5228 5231
    5232 5233 5236 5237 5238
    5240
logheader 5033
    5033 5045 5058 5059 5091
    5107
LOGSIZE 0160
    0160 5035 5134 5226
log_write 5222
    0335 5222 5229 5308 5328
    5364 5516 5543 5730 5873
ltr 0538
    0538 0540 1878
mappages 1763
    1763 1832 1894 1946 2054
MAXARG 0158
    0158 6828 6914 6972
MAXARGS 8863
    8863 8871 8872 9340
MAXFILE 4375
    4375 5866
MAXOPBLOCKS 0159
    0159 0160 0161 5134 6317
memcmp 7215
    0401 7215 7537 7588 7867
memmove 7231
    0402 1275 1895 2053 2132
    5079 5192 5286 5542 5621
    5822 5872 6029 6031 7231
    7254 8426
memset 7204
    0403 1750 1828 1893 1945
    2552 2573 3372 5307 5514
    6634 6835 7204 8428 8987
    9058 9069 9085 9106 9119
microdelay 7773
    0331 7773 7804 7806 7816
    7835 8658
min 5273
    5273 5821 5871
MINS 7825
    7825 7844
MONTH 7828
    7828 7847
mp 7352
    7352 7508 7529 7536 7537
    7538 7555 7560 7564 7565
    7568 7569 7580 7583 7585
    7587 7594 7605 7610 7642
MPBUS 7402
    7402 7629
mpconf 7363
    7363 7579 7582 7587 7606
mpconfig 7580
    7580 7610
mpenter 1241
    1241 1286
mpinit 7601
    0341 1221 7601
mpioapic 7389
    7389 7608 7625 7627
MPIOAPIC 7403
    7403 7624
MPIOINTR 7404
    7404 7630
MPLINTR 7405
    7405 7631
mpmain 1252
    1209 1236 1246 1252
mpproc 7378
    7378 7607 7617 7622
MPPROC 7401
    7401 7616
mpsearch 7556
    7556 7585
mpsearch1 7530
    7530 7564 7568 7571
multiboot_header 1029
    1028 1029
mycpu 2453
    0363 1256 1278 1590 1656
    1673 1674 1675 1683 1685
    1870 1871 1872 1873 1874
    1877 2436 2453 2458 2477
    2811 2936 2942 2943 2944
myproc 2473
    0364 2473 2606 2629 2674
    2722 2932 2955 2956 2987
    3157 3220 3654 3656 3658
    3701 3710 3712 3718 3723
    3728 3819 3834 3854 3864
    3956 4069 4080 4111 4929
    4956 6062 6378 6406 6470
    6805 6864 6919 7137 7157
    8531
namecmp 5903
    0298 5903 5924 6620
namei 6090
    0299 2583 6090 6511 6720
    6808 6923
nameiparent 6101
    0300 6055 6070 6082 6101
    6527 6612 6663
namex 6055
    6055 6093 6103
NBUF 0161
    0161 4730 4753
ncpu 7514
    1277 2313 2463 4556 7514
    7618 7619 7620
NCPU 0152
    0152 2312 7513 7618
NDEV 0156
    0156 5809 5859 6162
NDIRECT 4373
    4373 4375 4384 4474 5715
    5720 5724 5725 5762 5769
    5770 5777 5778
NELEM 0448
    0448 1831 3122 3963 6837
nextpid 2417
    2417 2521
NFILE 0154
    0154 6165 6181
NINDIRECT 4374
    4374 4375 5722 5772
NINODE 0155
    0155 5439 5448 5562
NO 8006
    8006 8052 8055 8057 8058
    8059 8060 8062 8074 8077
    8079 8080 8081 8082 8084
    8102 8103 8105 8106 8107
    8108
NOFILE 0153
    0153 2348 2650 2682 6378
    6408
NPDENTRIES 0791
    0791 1306 2010
NPROC 0150
    0150 2412 2512 2701 2728
    2830 2871 2880 3057 3080
    3119 3162 3200
NSEGS 0721
    0721 2305
nulterminate 9352
    9215 9230 9352 9373 9379
    9380 9385 9386 9391
NUMLOCK 8013
    8013 8046
O_CREATE 4253
    4253 6713 9278 9281
O_RDONLY 4250
    4250 6725 9275
O_RDWR 4252
    4252 6746 8814 8816 9007
outb 0471
    0471 4560 4569 4588 4589
    4590 4591 4592 4593 4595
    4598 7645 7646 7791 7792
    7834 8410 8412 8431 8432
    8433 8434 8624 8627 8628
    8629 8630 8631 8632 8659
    9428 9436 9564 9565 9566
    9567 9568 9569
outsl 0483
    0483 0485 4596
outw 0477
    0477 1180 1182 9474 9476
O_WRONLY 4251
    4251 6745 6746 9278 9281
P2V 0211
    0211 1219 1234 1274 1745
    1829 1918 1978 2012 2053
    2111 7534 7562 7587 7793
    8402
panic 8355 9031
    0272 1578 1605 1682 1684
    1774 1830 1863 1865 1867
    1891 1909 1912 1977 2008
    2028 2046 2048 2458 2467
    2570 2679 2712 2935 2937
    2939 2941 2990 2993 3369
    3705 4577 4579 4585 4659
    4661 4663 4796 4818 4829
    5059 5160 5227 5229 5336
    5362 5522 5574 5609 5625
    5634 5736 5917 5921 5967
    5975 6206 6220 6280 6334
    6339 6559 6628 6636 6677
    6690 6694 7611 7640 8313
    8355 8363 8423 8901 8920
    8953 9031 9044 9228 9272
    9306 9310 9336 9341
panicked 8219
    8219 8369 8453
parseblock 9301
    9301 9306 9325
parsecmd 9218
    8902 9024 9218
parseexec 9317
    9214 9255 9317
parseline 9235
    9212 9224 9235 9246 9308
parsepipe 9251
    9213 9239 9251 9258
parseredirs 9264
    9264 9312 9331 9342
PCINT 7684
    7684 7731
pde_t 0103
    0103 0434 0435 0436 0437
    0438 0439 0440 0441 0444
    0445 1210 1260 1306 1713
    1738 1740 1763 1820 1823
    1826 1886 1903 1927 1961
    2003 2022 2034 2035 2037
    2102 2118 2339 6918
PDX 0782
    0782 1743 1973
PDXSHIFT 0796
    0782 0788 0796 1310
peek 9201
    9201 9225 9240 9244 9256
    9269 9305 9309 9324 9332
PGADDR 0788
    0788 1973
PGROUNDDOWN 0799
    0799 1768 1769 2125
PGROUNDUP 0798
    0798 1937 1969 3354 6964
PGSIZE 0793
    0793 0798 0799 1305 1750
    1778 1779 1828 1890 1893
    1894 1908 1910 1914 1917
    1938 1945 1946 1970 1973
    2044 2053 2054 2129 2135
    2572 2579 3183 3355 3368
    3372 6953 6965 6967
PHYSTOP 0203
    0203 1234 1815 1829 1830
    3368
pinit 2428
    0365 1228 2428
pipe 7062
    0254 0352 0353 0354 4455
    6231 6272 6309 7062 7074
    7080 7086 7090 7094 7111
    7130 7151 8763 8952 8953
PIPE 8859
    8859 8950 9086 9377
pipealloc 7072
    0351 6859 7072
pipeclose 7111
    0352 6231 7111
pipecmd 8884 9080
    8884 8912 8951 9080 9082
    9258 9358 9378
piperead 7151
    0353 6272 7151
PIPESIZE 7060
    7060 7064 7136 7144 7166
pipewrite 7130
    0354 6309 7130
popcli 1679
    0388 1622 1657 1679 1682
    1684 1880 2479
printint 8227
    8227 8326 8330
proc 2337
    0255 0364 0369 0442 1205
    1558 1706 1860 2309 2337
    2343 2406 2412 2415 2472
    2475 2478 2504 2507 2512
    2563 2606 2628 2629 2674
    2675 2701 2720 2722 2728
    2810 2812 2830 2845 2860
    2871 2880 2899 2911 2932
    2987 3055 3057 3077 3080
    3115 3119 3156 3157 3162
    3200 3220 3605 3709 3805
    3819 3834 3864 3956 4007
    4507 4908 5266 6361 6406
    6805 6904 6919 7054 7511
    7607 7617 7619 8214 8611
procdump 3104
    0366 3104 8516
proghdr 0924
    0924 6917 9520 9534
PTE_ADDR 0807
    0807 1745 1913 1975 2012
    2049 2111
PTE_FLAGS 0808
    0808 2050
PTE_P 0801
    0801 1308 1310 1744 1754
    1773 1775 1974 2011 2047
    2107
PTE_PS 0804
    0804 1308 1310
pte_t 0811
    0811 1737 1741 1745 1747
    1766 1906 1963 2024 2038
    2104
PTE_U 0803
    0803 1754 1894 1946 2029
    2109
PTE_W 0802
    0802 1308 1310 1754 1813
    1815 1816 1894 1946
PTX 0785
    0785 1756
PTXSHIFT 0795
    0785 0788 0795
pushcli 1667
    0387 1576 1655 1667 1869
    2476
rcr2 0582
    0582 3704 3711
readeflags 0544
    0544 1671 1681 2457 2940
read_head 5088
    5088 5120
readi 5803
    0301 1918 5803 5920 5966
    6275 6558 6559 6932 6943
readsb 5281
    0287 5063 5281 5357 5452
readsect 9560
    9560 9595
readseg 9579
    9514 9527 9538 9579
recover_from_log 5118
    5052 5067 5118
REDIR 8858
    8858 8930 9070 9371
redircmd 8875 9064
    8875 8913 8931 9064 9066
    9275 9278 9281 9359 9372
REG_ID 7910
    7910 7957
REG_TABLE 7912
    7912 7964 7965 7975 7976
REG_VER 7911
    7911 7956
release 1602
    0386 1602 1605 2516 2531
    2593 2663 2743 2752 2916
    2958 2968 3003 3016 3068
    3086 3090 3166 3206 3380
    3399 3669 4112 4117 4130
    4612 4630 4683 4776 4791
    4845 4930 4940 4957 5139
    5170 5179 5240 5565 5581
    5593 5664 5677 6184 6188
    6208 6222 6228 7122 7125
    7138 7147 7158 7169 8351
    8514 8532 8552 8567
releasesleep 4934
    0392 4831 4934 5636 5673
ROOTDEV 0157
    0157 2975 2976 6060
ROOTINO 4354
    4354 6060
rtcdate 0950
    0256 0325 0950 7841 7852
    7854
run 3315
    3111 3203 3315 3316 3322
    3366 3376 3391 7611
runcmd 8906
    8906 8920 8937 8943 8945
    8959 8966 8977 9024
RUNNING 2334
    2334 2851 2901 2938 3111
    3163 3723
safestrcpy 7282
    0404 2582 2655 6993 7282
sb 5277
    0287 4404 4410 5061 5063
    5064 5065 5277 5281 5286
    5322 5323 5324 5357 5358
    5452 5453 5454 5455 5456
    5510 5511 5535 5614 7855
    7857 7859
sched 2929
    0368 2711 2929 2935 2937
    2939 2941 2957 3009
scheduler 2808
    0367 1257 2303 2808 2855
    2906 2943
SCROLLLOCK 8014
    8014 8047
SECS 7824
    7824 7843
SECTOR_SIZE 4515
    4515 4580
SECTSIZE 9512
    9512 9573 9586 9589 9594
SEG 0751
    0751 1727 1728 1729 1730
SEG16 0755
    0755 1870
SEG_ASM 0660
    0660 1189 1190 9484 9485
segdesc 0725
    0509 0512 0725 0751 0755
    2305
seginit 1718
    0432 1223 1244 1718
SEG_KCODE 0714
    0714 1143 1727 3622 3623
    9453
SEG_KDATA 0715
    0715 1153 1728 1873 3563
    9458
SEG_NULLASM 0654
    0654 1188 9483
SEG_TSS 0718
    0718 1870 1872 1878
SEG_UCODE 0716
    0716 1729 2574
SEG_UDATA 0717
    0717 1730 2575
SETGATE 0875
    0875 3622 3623
settickets 3217
    0376 3217 4029 8782
setupkvm 1821
    0434 1821 1845 2042 2569
    6937
SHIFT 8008
    8008 8036 8037 8185
skipelem 6015
    6015 6064
sleep 2985
    0370 2757 2985 2990 2993
    3109 4115 4679 4915 4926
    5133 5136 7142 7161 8536
    8779
sleeplock 4201
    0258 0391 0392 0393 0394
    4154 4201 4466 4511 4724
    4910 4913 4922 4934 4951
    5004 5268 6159 6364 7057
    8209 8607
spinlock 1501
    0257 0370 0382 0384 0385
    0386 0424 1501 1559 1562
    1574 1602 1652 2407 2411
    2985 3309 3320 3608 3613
    4203 4510 4530 4723 4729
    4909 5003 5039 5267 5438
    6158 6164 6363 7056 7063
    8208 8222 8606
STA_R 0667 0766
    0667 0766 1189 1727 1729
    9484
start 1123 8709 9411
    1122 1123 1166 1174 1176
    5040 5064 5077 5090 5106
    5190 5454 8708 8709 9410
    9411 9467
startothers 1264
    1208 1233 1264
stat 4304
    0259 0283 0302 4304 5264
    5788 6252 6359 6479 8803
stati 5788
    0302 5788 6256
STA_W 0666 0765
    0666 0765 1190 1728 1730
    9485
STA_X 0665 0764
    0665 0764 1189 1727 1729
    9484
sti 0563
    0563 0565 1686 2819
stosb 0492
    0492 0494 7210 9540
stosl 0501
    0501 0503 7208
strlen 7301
    0405 6974 6975 7301 9018
    9223
strncmp 7258
    0406 5905 7258
strncpy 7268
    0407 5972 7268
STS_IG32 0770
    0770 0881
STS_T32A 0769
    0769 1870
STS_TG32 0771
    0771 0881
sum 7518
    7518 7520 7522 7524 7525
    7537 7592
superblock 4363
    0260 0287 4363 5061 5277
    5281
SVR 7667
    7667 7714
switchkvm 1853
    0443 1243 1846 1853 2856
    2907
switchuvm 1860
    0442 1860 1863 1865 1867
    2617 2850 2900 7001
swtch 3259
    0379 2855 2906 2943 3258
    3259
syscall 3953
    0415 3657 3807 3953
SYSCALL 8753 8760 8761 8762 8763 8764 8765 8766 8767 8768 8769 8770 8771 8772 8773 8774 8775 8776 8777 8778 8779 8780 8781 8782
    8760 8761 8762 8763 8764
    8765 8766 8767 8768 8769
    8770 8771 8772 8773 8774
    8775 8776 8777 8778 8779
    8780 8781 8782
sys_chdir 6801
    3900 3935 6801
SYS_chdir 3759
    3759 3935
sys_close 6463
    3901 3947 6463
SYS_close 3771
    3771 3947
sys_dup 6418
    3902 3936 6418
SYS_dup 3760
    3760 3936
sys_exec 6826
    3903 3933 6826
SYS_exec 3757
    3757 3933 8713
sys_exit 4040
    3904 3928 4040
SYS_exit 3752
    3752 3928 8718
sys_fork 4034
    3905 3927 4034
SYS_fork 3751
    3751 3927
sys_fstat 6476
    3906 3934 6476
SYS_fstat 3758
    3758 3934
sys_getpid 4067
    3907 3937 4067
SYS_getpid 3761
    3761 3937
sys_info 4011
    3922 3948 4011
SYS_info 3772
    3772 3948
sys_kill 4057
    3908 3932 4057
SYS_kill 3756
    3756 3932
sys_link 6502
    3909 3945 6502
SYS_link 3769
    3769 3945
sys_mkdir 6751
    3910 3946 6751
SYS_mkdir 3770
    3770 3946
sys_mknod 6767
    3911 3943 6767
SYS_mknod 3767
    3767 3943
sys_open 6701
    3912 3941 6701
SYS_open 3765
    3765 3941
sys_pipe 6851
    3913 3930 6851
SYS_pipe 3754
    3754 3930
sys_read 6432
    3914 3931 6432
SYS_read 3755
    3755 3931
sys_sbrk 4073
    3915 3938 4073
SYS_sbrk 3762
    3762 3938
sys_settickets 4022
    3923 3949 4022
SYS_settickets 3773
    3773 3949
sys_sleep 4101
    3916 3939 4101
SYS_sleep 3763
    3763 3939
sys_unlink 6601
    3917 3944 6601
SYS_unlink 3768
    3768 3944
sys_uptime 4124
    3920 3940 4124
SYS_uptime 3764
    3764 3940
sys_wait 4051
    3918 3929 4051
SYS_wait 3753
    3753 3929
sys_write 6451
    3919 3942 6451
SYS_write 3766
    3766 3942
taskstate 0814
    0814 2304
TDCR 7691
    7691 7720
T_DEV 4302
    4302 5808 5858 6777
T_DIR 4300
    4300 5916 6066 6517 6629
    6637 6685 6725 6757 6813
T_FILE 4301
    4301 6670 6714
ticks 3614
    0422 3614 3667 3668 4109
    4110 4115 4129
tickslock 3613
    0424 3613 3625 3666 3669
    4108 4112 4115 4117 4128
    4130
TICR 7689
    7689 7722
TIMER 7681
    7681 7721
T_IRQ0 3479
    3479 3664 3673 3677 3680
    3684 3688 3689 3724 7714
    7721 7734 7964 7975
TPR 7665
    7665 7751
trap 3651
    3502 3504 3569 3651 3703
    3705 3708
trapframe 0602
    0602 2344 2542 3651
trapret 3574
    2421 2547 3573 3574
T_SYSCALL 3476
    3476 3623 3653 8714 8719
    8757
tvinit 3617
    0423 1229 3617
uart 8616
    8616 8637 8655 8665
uartgetc 8663
    8663 8675
uartinit 8619
    0427 1227 8619
uartintr 8673
    0428 3685 8673
uartputc 8651
    0429 8460 8462 8647 8651
userinit 2561
    0371 1235 2561 2570
uva2ka 2102
    0435 2102 2126
V2P 0210
    0210 1287 1289 1754 1814
    1815 1855 1879 1894 1946
    2054 3368
V2P_WO 0213
    0213 1040 1050
VER 7664
    7664 7730
wait 2718
    0372 2718 4053 8762 8833
    8944 8970 8971 9025
waitdisk 9551
    9551 9563 9572
wakeup 3064
    0373 3064 3668 4624 4939
    5168 5178 7116 7119 7141
    7146 7168 8508
wakeup1 3053
    2425 2697 2705 3053 3067
walkpgdir 1738
    1738 1771 1911 1971 2026
    2045 2106
write_head 5104
    5104 5123 5205 5208
writei 5853
    0303 5853 5974 6326 6635
    6636
write_log 5185
    5185 5204
xchg 0569
    0569 1256 1581
YEAR 7829
    7829 7848
yield 2952
    0374 2952 3725
